/* Phase 1 */
90 90 90 90 90 90 90 90
90 90 90 90 90 90 90 90
90 90 90 90 90 90 90 90
90 90 90 90 90 90 90 90
90 90 90 90 90 90 90 90
BE 17 40               

/* Phase 2 */
48 C7 C7 FA 97 B9 59 C3
90 90 90 90 90 90 90 90
90 90 90 90 90 90 90 90
90 90 90 90 90 90 90 90
90 90 90 90 90 90 90 90
78 DC 61 55 00 00 00 00
EC 17 40                 

/* Phase 3 */
48 C7 C7 B0 DC 61 55 C3
90 90 90 90 90 90 90 90
90 90 90 90 90 90 90 90
90 90 90 90 09 90 90 90
90 90 90 90 90 90 90 90
78 DC 61 55 00 00 00 00
FA 18 40 00 00 00 00 00  
35 39 62 39 39 37 66 61

/* Phase 4 */
90 90 90 90 90 90 90 90
90 90 90 90 90 90 90 90
90 90 90 90 90 90 90 90
90 90 90 90 90 90 90 90
90 90 90 90 90 90 90 90
AB 19 40 00 00 00 00 00
FA 97 B9 59 00 00 00 00
A2 19 40 00 00 00 00 00
EC 17 40 00 00 00 00 00

/* Phase 5 Ver. 1*/
90 90 90 90 90 90 90 90
90 90 90 90 90 90 90 90
90 90 90 90 90 90 90 90
90 90 90 90 90 90 90 90
90 90 90 90 90 90 90 90
06 1A 40 00 00 00 00 00
A2 19 40 00 00 00 00 00
AB 19 40 00 00 00 00 00
40 00 00 00 00 00 00 00
DD 19 40 00 00 00 00 00
34 1A 40 00 00 00 00 00
27 1A 40 00 00 00 00 00
D6 19 40 00 00 00 00 00
A2 19 40 00 00 00 00 00
FA 18 40 00 00 00 00 00
35 39 62 39 39 37 66 61

/* Phase 5 Ver. 2 */
90 90 90 90 90 90 90 90
90 90 90 90 90 90 90 90
90 90 90 90 90 90 90 90
90 90 90 90 90 90 90 90
90 90 90 90 90 90 90 90
06 1A 40 00 00 00 00 00
A2 19 40 00 00 00 00 00
AB 19 40 00 00 00 00 00
40 00 00 00 00 00 00 00
72 1A 40 00 00 00 00 00
27 1A 40 00 00 00 00 00
D6 19 40 00 00 00 00 00
A2 19 40 00 00 00 00 00
FA 18 40 00 00 00 00 00
35 39 62 39 39 37 66 61